# Temperature log10(K)            1            2            6            7            8           10           12           13           14           16           18           20           26           28
          4.000000e+00 0.000000e+00 0.000000e+00 0.000000e+00 0.000000e+00 0.000000e+00 0.000000e+00 0.000000e+00 0.000000e+00 0.000000e+00 0.000000e+00 0.000000e+00 0.000000e+00 0.000000e+00 0.000000e+00
          4.100000e+00 0.000000e+00 0.000000e+00 0.000000e+00 0.000000e+00 0.000000e+00 0.000000e+00 0.000000e+00 0.000000e+00 0.000000e+00 0.000000e+00 0.000000e+00 0.000000e+00 0.000000e+00 0.000000e+00
          4.200000e+00 0.000000e+00 0.000000e+00 0.000000e+00 0.000000e+00 0.000000e+00 0.000000e+00 0.000000e+00 0.000000e+00 0.000000e+00 0.000000e+00 0.000000e+00 0.000000e+00 0.000000e+00 0.000000e+00
          4.300000e+00 0.000000e+00 0.000000e+00 0.000000e+00 0.000000e+00 0.000000e+00 0.000000e+00 0.000000e+00 0.000000e+00 0.000000e+00 0.000000e+00 0.000000e+00 0.000000e+00 0.000000e+00 0.000000e+00
          4.400000e+00 0.000000e+00 0.000000e+00 0.000000e+00 0.000000e+00 0.000000e+00 0.000000e+00 0.000000e+00 0.000000e+00 0.000000e+00 0.000000e+00 0.000000e+00 0.000000e+00 0.000000e+00 0.000000e+00
          4.500000e+00 0.000000e+00 0.000000e+00 0.000000e+00 0.000000e+00 0.000000e+00 0.000000e+00 0.000000e+00 0.000000e+00 0.000000e+00 0.000000e+00 0.000000e+00 0.000000e+00 0.000000e+00 0.000000e+00
          4.600000e+00 0.000000e+00 0.000000e+00 0.000000e+00 0.000000e+00 0.000000e+00 0.000000e+00 0.000000e+00 0.000000e+00 0.000000e+00 0.000000e+00 0.000000e+00 0.000000e+00 0.000000e+00 0.000000e+00
          4.700000e+00 0.000000e+00 0.000000e+00 0.000000e+00 0.000000e+00 0.000000e+00 0.000000e+00 0.000000e+00 0.000000e+00 0.000000e+00 0.000000e+00 0.000000e+00 0.000000e+00 0.000000e+00 0.000000e+00
          4.800000e+00 0.000000e+00 0.000000e+00 0.000000e+00 0.000000e+00 0.000000e+00 0.000000e+00 0.000000e+00 0.000000e+00 0.000000e+00 0.000000e+00 0.000000e+00 0.000000e+00 0.000000e+00 0.000000e+00
          4.900000e+00 0.000000e+00 0.000000e+00 0.000000e+00 0.000000e+00 0.000000e+00 0.000000e+00 0.000000e+00 0.000000e+00 0.000000e+00 0.000000e+00 0.000000e+00 0.000000e+00 0.000000e+00 0.000000e+00
          5.000000e+00 0.000000e+00 0.000000e+00 0.000000e+00 0.000000e+00 0.000000e+00 0.000000e+00 0.000000e+00 0.000000e+00 0.000000e+00 0.000000e+00 0.000000e+00 0.000000e+00 0.000000e+00 0.000000e+00
          5.100000e+00 0.000000e+00 0.000000e+00 0.000000e+00 0.000000e+00 0.000000e+00 0.000000e+00 0.000000e+00 0.000000e+00 0.000000e+00 0.000000e+00 0.000000e+00 0.000000e+00 0.000000e+00 0.000000e+00
          5.200000e+00 0.000000e+00 0.000000e+00 0.000000e+00 0.000000e+00 0.000000e+00 0.000000e+00 0.000000e+00 0.000000e+00 0.000000e+00 0.000000e+00 0.000000e+00 0.000000e+00 0.000000e+00 0.000000e+00
          5.300000e+00 0.000000e+00 0.000000e+00 0.000000e+00 0.000000e+00 0.000000e+00 0.000000e+00 0.000000e+00 0.000000e+00 0.000000e+00 0.000000e+00 0.000000e+00 0.000000e+00 0.000000e+00 0.000000e+00
          5.400000e+00 0.000000e+00 0.000000e+00 0.000000e+00 0.000000e+00 0.000000e+00 0.000000e+00 0.000000e+00 0.000000e+00 0.000000e+00 0.000000e+00 0.000000e+00 0.000000e+00 0.000000e+00 0.000000e+00
          5.500000e+00 0.000000e+00 0.000000e+00 0.000000e+00 0.000000e+00 0.000000e+00 0.000000e+00 0.000000e+00 0.000000e+00 0.000000e+00 0.000000e+00 0.000000e+00 0.000000e+00 0.000000e+00 0.000000e+00
          5.600000e+00 0.000000e+00 0.000000e+00 0.000000e+00 0.000000e+00 0.000000e+00 0.000000e+00 0.000000e+00 0.000000e+00 0.000000e+00 0.000000e+00 0.000000e+00 0.000000e+00 0.000000e+00 0.000000e+00
          5.700000e+00 0.000000e+00 0.000000e+00 0.000000e+00 9.482478e-40 8.143955e-35 0.000000e+00 0.000000e+00 0.000000e+00 0.000000e+00 0.000000e+00 0.000000e+00 0.000000e+00 0.000000e+00 0.000000e+00
          5.800000e+00 0.000000e+00 0.000000e+00 7.583248e-31 3.126170e-31 1.556626e-30 5.656550e-32 2.135379e-35 2.287863e-37 2.140860e-37 3.604581e-34 3.521304e-33 3.962745e-34 6.219184e-37 6.854346e-37
          5.900000e+00 0.000000e+00 0.000000e+00 2.313158e-27 6.850178e-28 3.664565e-27 4.294331e-28 2.573124e-29 5.105134e-30 1.047829e-28 4.918171e-29 9.695939e-30 4.284368e-30 2.291967e-29 8.254738e-31
          6.000000e+00 5.028121e-26 7.472453e-26 7.646678e-25 2.772416e-25 1.687964e-24 1.787141e-25 2.519177e-26 1.021918e-27 3.030021e-26 1.907448e-26 3.646684e-27 1.758426e-27 1.395664e-26 3.219435e-28
          6.100000e+00 6.412572e-24 7.811811e-24 6.011226e-23 2.885488e-23 2.104253e-22 2.278175e-23 5.125210e-24 1.734907e-25 2.901737e-24 2.218317e-24 4.220894e-25 1.866373e-25 2.434866e-24 5.753260e-26
          6.200000e+00 3.017720e-22 3.182352e-22 1.374696e-21 1.048825e-21 8.868777e-21 1.111928e-21 2.393258e-22 1.587798e-23 6.219834e-22 8.361947e-23 1.902906e-23 7.912248e-24 1.298530e-22 3.853206e-24
          6.300000e+00 6.676096e-21 6.159721e-21 1.373265e-20 1.422959e-20 1.615524e-19 2.411933e-20 5.017041e-21 3.984933e-22 2.720450e-20 1.477693e-21 3.986554e-22 1.704196e-22 1.847091e-21 1.093873e-22
          6.400000e+00 8.070409e-20 6.659523e-20 7.968882e-20 8.562301e-20 1.425344e-18 2.616383e-19 5.840296e-20 4.725903e-21 2.562396e-19 6.081922e-20 3.778986e-21 2.141135e-21 1.999210e-20 9.648106e-22
          6.500000e+00 6.074641e-19 4.529264e-19 3.142574e-19 3.089754e-19 6.203295e-18 1.626915e-18 4.124398e-19 3.415576e-20 1.238747e-18 1.046908e-18 1.801561e-20 1.614660e-20 1.462284e-19 4.322401e-21
          6.600000e+00 3.136008e-18 2.131198e-18 9.262293e-19 8.113919e-19 1.625560e-17 6.580616e-18 1.890136e-18 1.683680e-19 4.422812e-18 5.718422e-18 1.533709e-19 6.416177e-20 7.234743e-19 2.235693e-20
          6.700000e+00 1.203751e-17 7.506066e-18 2.187031e-18 1.713792e-18 3.189598e-17 1.744915e-17 6.150153e-18 6.070982e-19 1.341173e-17 1.863378e-17 1.101045e-18 1.628005e-19 2.819900e-18 8.154987e-20
          6.800000e+00 3.586662e-17 2.097013e-17 4.348399e-18 3.089732e-18 5.264762e-17 3.112295e-17 1.534702e-17 1.718776e-18 3.687016e-17 4.616949e-17 3.940495e-18 7.182206e-19 9.366170e-18 2.528880e-19
          6.900000e+00 8.819720e-17 4.808371e-17 7.575762e-18 4.961864e-18 7.771982e-17 4.313392e-17 2.926742e-17 3.856943e-18 9.117943e-17 9.414580e-17 9.911395e-18 2.654627e-18 2.699965e-17 7.438241e-19
          7.000000e+00 1.864283e-16 9.622518e-17 1.193004e-17 7.276606e-18 1.062405e-16 5.264739e-17 4.200266e-17 6.511586e-18 1.845049e-16 1.623870e-16 2.024652e-17 6.694894e-18 6.048543e-17 1.781582e-18
          7.100000e+00 3.500210e-16 1.725353e-16 1.741110e-17 9.999164e-18 1.369455e-16 6.056246e-17 4.918120e-17 8.247376e-18 2.798229e-16 2.371293e-16 3.532089e-17 1.355559e-17 1.071515e-16 3.851480e-18
          7.200000e+00 5.968123e-16 2.835146e-16 2.401626e-17 1.306569e-17 1.696873e-16 6.756108e-17 5.210838e-17 8.567088e-18 3.152010e-16 2.880247e-16 5.339151e-17 2.357571e-17 1.984471e-16 6.245884e-18
          7.300000e+00 9.347052e-16 4.340823e-16 3.157508e-17 1.645359e-17 2.038231e-16 7.383760e-17 5.308861e-17 8.156357e-18 2.910584e-16 2.894757e-16 6.930506e-17 3.598292e-17 3.307634e-16 9.967185e-18
          7.400000e+00 1.369521e-15 6.169630e-16 3.979485e-17 2.006119e-17 2.386916e-16 7.967330e-17 5.327598e-17 7.557174e-18 2.482715e-16 2.493755e-16 7.634487e-17 4.802408e-17 4.947743e-16 1.580817e-17
          7.500000e+00 1.888508e-15 8.298329e-16 4.831401e-17 2.361022e-17 2.733148e-16 8.494944e-17 5.304678e-17 6.968792e-18 2.060222e-16 1.998537e-16 7.174212e-17 5.539224e-17 6.917027e-16 2.225063e-17
          7.600000e+00 2.467332e-15 1.064720e-15 5.668374e-17 2.697695e-17 3.040618e-16 8.948786e-17 5.255865e-17 6.457522e-18 1.710209e-16 1.574529e-16 6.060203e-17 5.488466e-17 9.081942e-16 2.972220e-17
          7.700000e+00 3.078477e-15 1.308979e-15 6.444645e-17 2.999242e-17 3.302962e-16 9.310896e-17 5.183051e-17 6.015542e-18 1.443897e-16 1.249314e-16 4.875001e-17 4.826932e-17 1.110423e-15 3.762223e-17
          7.800000e+00 3.676792e-15 1.547085e-15 7.046855e-17 3.252700e-17 3.511337e-16 9.495609e-17 5.088395e-17 5.627923e-18 1.236182e-16 1.013497e-16 3.872535e-17 3.959034e-17 1.250013e-15 4.439042e-17
          7.900000e+00 4.231998e-15 1.756263e-15 7.537432e-17 3.423069e-17 3.663452e-16 9.559141e-17 4.956512e-17 5.285771e-18 1.073925e-16 8.387550e-17 3.108966e-17 3.152344e-17 1.281729e-15 4.874316e-17
          8.000000e+00 4.715180e-15 1.937026e-15 7.924409e-17 3.533121e-17 3.765760e-16 9.530308e-17 4.787775e-17 4.952941e-18 9.451389e-17 7.070871e-17 2.537140e-17 2.514638e-17 1.206040e-15 4.939274e-17
          8.100000e+00 5.106665e-15 2.080124e-15 8.197582e-17 3.602544e-17 3.747153e-16 9.426027e-17 4.610893e-17 4.645213e-18 8.374492e-17 6.065420e-17 2.106687e-17 2.032701e-17 1.058825e-15 4.658307e-17
          8.200000e+00 5.229863e-15 2.181597e-15 8.358981e-17 3.629827e-17 3.728788e-16 9.141522e-17 4.431560e-17 4.368615e-18 7.505355e-17 5.257955e-17 1.779393e-17 1.670275e-17 8.875805e-16 4.057879e-17
          8.300000e+00 5.448882e-15 2.247878e-15 8.395089e-17 3.621951e-17 3.685736e-16 8.843936e-17 4.253503e-17 4.117041e-18 6.782342e-17 4.606837e-17 1.521224e-17 1.396477e-17 7.305836e-16 3.455083e-17
          8.400000e+00 5.576026e-15 2.275976e-15 8.297884e-17 3.581722e-17 3.619025e-16 8.542473e-17 3.996989e-17 3.888296e-18 6.183039e-17 4.092095e-17 1.319332e-17 1.182405e-17 5.997643e-16 2.855435e-17
          8.500000e+00 5.616273e-15 2.273677e-15 8.146130e-17 3.494010e-17 3.530486e-16 8.232753e-17 3.799847e-17 3.600549e-18 5.596894e-17 3.677797e-17 1.159887e-17 1.016511e-17 4.958638e-16 2.356054e-17
          8.600000e+00 5.586355e-15 2.246904e-15 7.942156e-17 3.386563e-17 3.408262e-16 7.910607e-17 3.615357e-17 3.390829e-18 5.145030e-17 3.338495e-17 1.030510e-17 8.851717e-18 4.133245e-16 1.972279e-17
          8.700000e+00 5.498444e-15 2.198475e-15 7.688501e-17 3.265032e-17 3.270654e-16 7.570789e-17 3.435324e-17 3.197117e-18 4.758818e-17 2.997909e-17 9.255179e-18 7.807567e-18 3.485871e-16 1.638863e-17
          8.800000e+00 5.359685e-15 2.132972e-15 7.390363e-17 3.132276e-17 3.127510e-16 7.192893e-17 3.257836e-17 3.014475e-18 4.419025e-17 2.747098e-17 8.250402e-18 6.961882e-18 2.983989e-16 1.390633e-17
          8.900000e+00 5.182564e-15 2.026718e-15 7.064063e-17 2.991554e-17 2.980755e-16 6.817717e-17 3.080391e-17 2.840927e-18 4.114223e-17 2.531909e-17 7.505732e-18 6.178202e-18 2.586283e-16 1.195016e-17
          9.000000e+00 4.977872e-15 1.946462e-15 6.726955e-17 2.843050e-17 2.832015e-16 6.451868e-17 2.900221e-17 2.671058e-18 3.836818e-17 2.343577e-17 6.874430e-18 5.592441e-18 2.261091e-16 1.035163e-17
# Total Emissivity in keV cm^3 s^-1 for each element with AG89 abundances, between 2.000000e+00 and 1.000000e+01 keV
# To get cooling power, multiply by Ne NH# Calculated with Tau = 1.000000e+20 cm^{-3} s