# Temperature log10(K)            1            2            6            7            8           10           12           13           14           16           18           20           26           28
          4.000000e+00 0.000000e+00 0.000000e+00 0.000000e+00 0.000000e+00 0.000000e+00 0.000000e+00 0.000000e+00 0.000000e+00 0.000000e+00 0.000000e+00 0.000000e+00 0.000000e+00 0.000000e+00 0.000000e+00
          4.100000e+00 0.000000e+00 0.000000e+00 0.000000e+00 0.000000e+00 0.000000e+00 0.000000e+00 0.000000e+00 0.000000e+00 0.000000e+00 0.000000e+00 0.000000e+00 0.000000e+00 0.000000e+00 0.000000e+00
          4.200000e+00 0.000000e+00 0.000000e+00 0.000000e+00 0.000000e+00 0.000000e+00 0.000000e+00 0.000000e+00 0.000000e+00 0.000000e+00 0.000000e+00 0.000000e+00 0.000000e+00 0.000000e+00 0.000000e+00
          4.300000e+00 0.000000e+00 0.000000e+00 0.000000e+00 0.000000e+00 0.000000e+00 0.000000e+00 0.000000e+00 0.000000e+00 0.000000e+00 0.000000e+00 0.000000e+00 0.000000e+00 0.000000e+00 0.000000e+00
          4.400000e+00 0.000000e+00 0.000000e+00 0.000000e+00 0.000000e+00 0.000000e+00 0.000000e+00 0.000000e+00 0.000000e+00 0.000000e+00 0.000000e+00 0.000000e+00 0.000000e+00 0.000000e+00 0.000000e+00
          4.500000e+00 0.000000e+00 0.000000e+00 0.000000e+00 0.000000e+00 0.000000e+00 0.000000e+00 0.000000e+00 0.000000e+00 0.000000e+00 0.000000e+00 0.000000e+00 0.000000e+00 0.000000e+00 0.000000e+00
          4.600000e+00 0.000000e+00 0.000000e+00 0.000000e+00 0.000000e+00 0.000000e+00 0.000000e+00 0.000000e+00 0.000000e+00 0.000000e+00 0.000000e+00 0.000000e+00 0.000000e+00 0.000000e+00 0.000000e+00
          4.700000e+00 0.000000e+00 0.000000e+00 0.000000e+00 0.000000e+00 0.000000e+00 0.000000e+00 0.000000e+00 0.000000e+00 0.000000e+00 0.000000e+00 0.000000e+00 0.000000e+00 0.000000e+00 0.000000e+00
          4.800000e+00 0.000000e+00 0.000000e+00 0.000000e+00 0.000000e+00 0.000000e+00 0.000000e+00 0.000000e+00 0.000000e+00 0.000000e+00 0.000000e+00 0.000000e+00 0.000000e+00 0.000000e+00 0.000000e+00
          4.900000e+00 0.000000e+00 0.000000e+00 0.000000e+00 0.000000e+00 0.000000e+00 0.000000e+00 0.000000e+00 0.000000e+00 0.000000e+00 0.000000e+00 0.000000e+00 0.000000e+00 0.000000e+00 0.000000e+00
          5.000000e+00 0.000000e+00 0.000000e+00 0.000000e+00 0.000000e+00 0.000000e+00 0.000000e+00 0.000000e+00 0.000000e+00 0.000000e+00 0.000000e+00 0.000000e+00 0.000000e+00 0.000000e+00 0.000000e+00
          5.100000e+00 0.000000e+00 0.000000e+00 0.000000e+00 0.000000e+00 0.000000e+00 0.000000e+00 0.000000e+00 0.000000e+00 0.000000e+00 0.000000e+00 0.000000e+00 0.000000e+00 0.000000e+00 0.000000e+00
          5.200000e+00 0.000000e+00 0.000000e+00 0.000000e+00 0.000000e+00 0.000000e+00 0.000000e+00 0.000000e+00 0.000000e+00 0.000000e+00 0.000000e+00 0.000000e+00 0.000000e+00 0.000000e+00 0.000000e+00
          5.300000e+00 0.000000e+00 0.000000e+00 0.000000e+00 0.000000e+00 0.000000e+00 0.000000e+00 0.000000e+00 0.000000e+00 0.000000e+00 0.000000e+00 0.000000e+00 0.000000e+00 0.000000e+00 0.000000e+00
          5.400000e+00 0.000000e+00 0.000000e+00 0.000000e+00 0.000000e+00 0.000000e+00 0.000000e+00 0.000000e+00 0.000000e+00 0.000000e+00 0.000000e+00 0.000000e+00 0.000000e+00 0.000000e+00 0.000000e+00
          5.500000e+00 0.000000e+00 0.000000e+00 0.000000e+00 0.000000e+00 0.000000e+00 0.000000e+00 0.000000e+00 0.000000e+00 0.000000e+00 0.000000e+00 0.000000e+00 0.000000e+00 0.000000e+00 0.000000e+00
          5.600000e+00 0.000000e+00 0.000000e+00 0.000000e+00 0.000000e+00 0.000000e+00 0.000000e+00 0.000000e+00 0.000000e+00 0.000000e+00 0.000000e+00 0.000000e+00 0.000000e+00 0.000000e+00 0.000000e+00
          5.700000e+00 0.000000e+00 0.000000e+00 0.000000e+00 0.000000e+00 1.093713e-35 0.000000e+00 0.000000e+00 0.000000e+00 0.000000e+00 0.000000e+00 0.000000e+00 0.000000e+00 0.000000e+00 0.000000e+00
          5.800000e+00 0.000000e+00 0.000000e+00 8.978916e-34 7.106377e-36 2.366331e-31 0.000000e+00 1.445865e-36 3.509694e-40 1.782103e-39 3.376690e-40 4.959429e-38 2.056257e-38 0.000000e+00 4.944150e-39
          5.900000e+00 0.000000e+00 0.000000e+00 8.570886e-30 1.276685e-31 2.895450e-32 1.436336e-29 3.419757e-31 1.923597e-34 4.324099e-35 5.753822e-37 2.106460e-35 3.563741e-33 2.208903e-36 6.769371e-36
          6.000000e+00 5.028121e-26 7.472453e-26 1.154044e-26 3.052420e-28 1.326736e-28 1.512006e-26 1.388327e-27 3.953373e-30 6.306375e-30 3.234083e-34 1.518364e-34 5.559889e-32 2.542446e-34 1.200716e-34
          6.100000e+00 6.412572e-24 7.811807e-24 3.171774e-24 1.455361e-25 1.059157e-25 2.806504e-24 4.668941e-26 6.983556e-27 4.685159e-26 2.823723e-31 1.916048e-32 2.176307e-30 3.542558e-29 2.441885e-33
          6.200000e+00 3.017720e-22 3.182343e-22 2.284931e-22 1.869872e-23 2.125814e-23 3.156590e-26 8.698513e-24 5.000230e-26 3.188352e-23 5.055816e-27 1.082753e-30 2.484756e-30 5.482131e-26 2.911989e-30
          6.300000e+00 6.676096e-21 6.159708e-21 5.407060e-21 8.074637e-22 1.404302e-21 4.947667e-24 3.920492e-22 5.497010e-24 1.368617e-24 8.026834e-24 4.737481e-29 6.886748e-29 1.603339e-25 2.557813e-27
          6.400000e+00 8.070409e-20 6.659513e-20 5.300500e-20 1.390338e-20 3.733270e-20 2.662496e-22 1.325439e-24 2.167544e-27 1.296862e-22 4.645573e-26 1.004887e-25 8.265200e-28 2.229207e-25 9.018686e-27
          6.500000e+00 6.074641e-19 4.529259e-19 2.713666e-19 1.114131e-19 4.643024e-19 6.180999e-21 6.949245e-23 2.798106e-25 1.048852e-25 1.136738e-23 3.752988e-23 1.045756e-26 8.635878e-25 6.788144e-27
          6.600000e+00 3.136008e-18 2.131196e-18 8.869197e-19 4.872747e-19 3.043006e-18 7.320592e-20 1.525644e-21 1.177989e-23 1.022644e-23 6.330176e-22 2.250330e-25 4.086097e-24 1.592657e-25 4.816363e-26
          6.700000e+00 1.203751e-17 7.506061e-18 2.162128e-18 1.364672e-18 1.180575e-17 4.997821e-19 1.722569e-20 2.154658e-22 3.410450e-22 5.708752e-25 2.344699e-23 1.664946e-26 8.116023e-25 4.790835e-27
          6.800000e+00 3.586662e-17 2.097011e-17 4.333617e-18 2.817957e-18 3.042469e-17 2.165184e-18 1.155829e-19 2.091829e-21 5.154433e-21 2.980860e-23 1.902659e-26 2.789318e-24 4.473984e-26 1.524609e-26
          6.900000e+00 8.819720e-17 4.808369e-17 7.564679e-18 4.791628e-18 5.842188e-17 6.466781e-18 5.116019e-19 1.243325e-20 4.283519e-20 6.201487e-22 1.431646e-24 1.247470e-22 1.199012e-23 1.300716e-25
          7.000000e+00 1.864283e-16 9.622515e-17 1.191959e-17 7.180836e-18 9.209048e-17 1.432221e-17 1.616559e-18 5.000465e-20 2.241856e-19 6.484465e-21 3.886572e-23 2.350134e-25 9.340326e-22 8.889089e-26
          7.100000e+00 3.500210e-16 1.725352e-16 1.740049e-17 9.944734e-18 1.275870e-16 2.527754e-17 3.887586e-18 1.471373e-19 8.098138e-19 4.025995e-20 4.919116e-22 7.709960e-24 1.513427e-24 9.998005e-24
          7.200000e+00 5.968123e-16 2.835145e-16 2.400553e-17 1.303164e-17 1.637247e-16 3.774972e-17 7.513190e-18 3.367283e-19 2.189585e-18 1.657061e-19 3.496772e-21 1.115164e-22 9.173664e-23 1.359191e-26
          7.300000e+00 9.347052e-16 4.340822e-16 3.156452e-17 1.642945e-17 1.999868e-16 4.998116e-17 1.222886e-17 6.289581e-19 4.687177e-18 4.961268e-19 1.582614e-20 8.654002e-22 1.629445e-25 6.282157e-25
          7.400000e+00 1.369521e-15 6.169629e-16 3.978476e-17 2.004239e-17 2.361190e-16 6.101727e-17 1.740926e-17 1.000041e-18 8.284779e-18 1.151606e-18 5.064531e-20 4.138176e-21 5.490504e-24 2.421084e-23
          7.500000e+00 1.888508e-15 8.298329e-16 4.830468e-17 2.359479e-17 2.714921e-16 7.038334e-17 2.234867e-17 1.398295e-18 1.260684e-17 2.168819e-18 1.232134e-19 1.369642e-20 8.162541e-23 4.264892e-26
          7.600000e+00 2.467332e-15 1.064720e-15 5.667541e-17 2.696403e-17 3.027049e-16 7.795554e-17 2.655308e-17 1.768613e-18 1.700302e-17 3.467935e-18 2.399924e-19 3.402131e-20 6.415896e-22 6.234873e-25
          7.700000e+00 3.078477e-15 1.308979e-15 6.443927e-17 2.998158e-17 3.292359e-16 8.376248e-17 2.977799e-17 2.073838e-18 2.086413e-17 4.863416e-18 3.934245e-19 6.709720e-20 3.104756e-21 6.528056e-24
          7.800000e+00 3.676792e-15 1.547084e-15 7.046251e-17 3.251805e-17 3.502670e-16 8.722538e-17 3.200244e-17 2.297614e-18 2.387763e-17 6.149375e-18 5.625088e-19 1.109771e-19 1.034352e-20 2.506744e-23
          7.900000e+00 4.231998e-15 1.756263e-15 7.536940e-17 3.422336e-17 3.656176e-16 8.901380e-17 3.321091e-17 2.441360e-18 2.594170e-17 7.199007e-18 7.209992e-19 1.594901e-19 2.552805e-20 9.428317e-23
          8.000000e+00 4.715180e-15 1.937026e-15 7.924019e-17 3.532530e-17 3.759527e-16 8.954144e-17 3.352118e-17 2.500282e-18 2.708355e-17 7.950882e-18 8.522071e-19 2.049606e-19 4.987480e-20 2.285462e-22
          8.100000e+00 5.106665e-15 2.080124e-15 8.197280e-17 3.602076e-17 3.741710e-16 8.910499e-17 3.326322e-17 2.498494e-18 2.727161e-17 8.409975e-18 9.455627e-19 2.420022e-19 8.083417e-20 4.190220e-22
          8.200000e+00 5.229863e-15 2.181597e-15 8.358751e-17 3.629462e-17 3.723759e-16 8.678639e-17 3.261802e-17 2.456264e-18 2.690020e-17 8.543220e-18 9.989535e-19 2.668146e-19 1.120547e-19 7.654451e-22
          8.300000e+00 5.448882e-15 2.247878e-15 8.394916e-17 3.621666e-17 3.681027e-16 8.419002e-17 3.173194e-17 2.387435e-18 2.613313e-17 8.456140e-18 1.008840e-18 2.786809e-19 1.370615e-19 9.166922e-22
          8.400000e+00 5.576026e-15 2.275976e-15 8.297757e-17 3.581496e-17 3.614778e-16 8.143876e-17 3.006943e-17 2.301796e-18 2.511655e-17 8.227030e-18 9.872653e-19 2.764908e-19 1.511861e-19 1.098626e-21
          8.500000e+00 5.616273e-15 2.273677e-15 8.146040e-17 3.493832e-17 3.526832e-16 7.859249e-17 2.870549e-17 2.157199e-18 2.356002e-17 7.884367e-18 9.437536e-19 2.643795e-19 1.526892e-19 1.184504e-21
          8.600000e+00 5.586355e-15 2.246904e-15 7.942095e-17 3.386429e-17 3.405219e-16 7.567714e-17 2.735136e-17 2.042938e-18 2.215657e-17 7.464316e-18 8.833462e-19 2.449790e-19 1.421654e-19 1.088920e-21
          8.700000e+00 5.498444e-15 2.198475e-15 7.688461e-17 3.264937e-17 3.268114e-16 7.263003e-17 2.603856e-17 1.929773e-18 2.070411e-17 6.876293e-18 8.116949e-19 2.208115e-19 1.234520e-19 9.881907e-22
          8.800000e+00 5.359685e-15 2.132972e-15 7.390338e-17 3.132212e-17 3.125303e-16 6.921475e-17 2.477283e-17 1.822213e-18 1.930708e-17 6.403123e-18 7.224853e-19 1.941348e-19 1.003833e-19 7.725272e-22
          8.900000e+00 5.182564e-15 2.026718e-15 7.064047e-17 2.991510e-17 2.978695e-16 6.578778e-17 2.350996e-17 1.719528e-18 1.802185e-17 5.924101e-18 6.450094e-19 1.642651e-19 7.710043e-20 5.744830e-22
          9.000000e+00 4.977872e-15 1.946462e-15 6.726944e-17 2.843017e-17 2.829888e-16 6.239426e-17 2.219422e-17 1.616046e-18 1.681662e-17 5.423795e-18 5.678007e-19 1.378706e-19 5.653813e-20 4.204650e-22
# Total Emissivity in keV cm^3 s^-1 for each element with AG89 abundances, between 2.000000e+00 and 1.000000e+01 keV
# To get cooling power, multiply by Ne NH# Calculated with Tau = 1.000000e+11 cm^{-3} s