# Temperature log10(K)            1            2            6            7            8           10           12           13           14           16           18           20           26           28
          4.000000e+00 0.000000e+00 0.000000e+00 0.000000e+00 0.000000e+00 0.000000e+00 0.000000e+00 0.000000e+00 0.000000e+00 0.000000e+00 0.000000e+00 0.000000e+00 0.000000e+00 0.000000e+00 0.000000e+00
          4.100000e+00 0.000000e+00 0.000000e+00 0.000000e+00 0.000000e+00 0.000000e+00 0.000000e+00 0.000000e+00 0.000000e+00 0.000000e+00 0.000000e+00 0.000000e+00 0.000000e+00 0.000000e+00 0.000000e+00
          4.200000e+00 0.000000e+00 0.000000e+00 0.000000e+00 0.000000e+00 0.000000e+00 0.000000e+00 0.000000e+00 0.000000e+00 0.000000e+00 0.000000e+00 0.000000e+00 0.000000e+00 0.000000e+00 0.000000e+00
          4.300000e+00 0.000000e+00 0.000000e+00 0.000000e+00 0.000000e+00 0.000000e+00 0.000000e+00 0.000000e+00 0.000000e+00 0.000000e+00 0.000000e+00 0.000000e+00 0.000000e+00 0.000000e+00 0.000000e+00
          4.400000e+00 0.000000e+00 0.000000e+00 0.000000e+00 0.000000e+00 0.000000e+00 0.000000e+00 0.000000e+00 0.000000e+00 0.000000e+00 0.000000e+00 0.000000e+00 0.000000e+00 0.000000e+00 0.000000e+00
          4.500000e+00 0.000000e+00 0.000000e+00 0.000000e+00 0.000000e+00 0.000000e+00 0.000000e+00 0.000000e+00 0.000000e+00 0.000000e+00 0.000000e+00 0.000000e+00 0.000000e+00 0.000000e+00 0.000000e+00
          4.600000e+00 0.000000e+00 0.000000e+00 0.000000e+00 0.000000e+00 0.000000e+00 0.000000e+00 0.000000e+00 0.000000e+00 0.000000e+00 0.000000e+00 0.000000e+00 0.000000e+00 0.000000e+00 0.000000e+00
          4.700000e+00 0.000000e+00 0.000000e+00 0.000000e+00 0.000000e+00 0.000000e+00 0.000000e+00 0.000000e+00 0.000000e+00 0.000000e+00 0.000000e+00 0.000000e+00 0.000000e+00 0.000000e+00 0.000000e+00
          4.800000e+00 0.000000e+00 0.000000e+00 0.000000e+00 0.000000e+00 0.000000e+00 0.000000e+00 0.000000e+00 0.000000e+00 0.000000e+00 0.000000e+00 0.000000e+00 0.000000e+00 0.000000e+00 0.000000e+00
          4.900000e+00 0.000000e+00 0.000000e+00 0.000000e+00 0.000000e+00 0.000000e+00 0.000000e+00 0.000000e+00 0.000000e+00 0.000000e+00 0.000000e+00 0.000000e+00 0.000000e+00 0.000000e+00 0.000000e+00
          5.000000e+00 0.000000e+00 0.000000e+00 0.000000e+00 0.000000e+00 0.000000e+00 0.000000e+00 0.000000e+00 0.000000e+00 0.000000e+00 0.000000e+00 0.000000e+00 0.000000e+00 0.000000e+00 0.000000e+00
          5.100000e+00 0.000000e+00 0.000000e+00 0.000000e+00 0.000000e+00 0.000000e+00 0.000000e+00 0.000000e+00 0.000000e+00 0.000000e+00 0.000000e+00 0.000000e+00 0.000000e+00 0.000000e+00 0.000000e+00
          5.200000e+00 0.000000e+00 0.000000e+00 0.000000e+00 0.000000e+00 0.000000e+00 0.000000e+00 0.000000e+00 0.000000e+00 0.000000e+00 0.000000e+00 0.000000e+00 0.000000e+00 0.000000e+00 0.000000e+00
          5.300000e+00 0.000000e+00 0.000000e+00 0.000000e+00 0.000000e+00 0.000000e+00 0.000000e+00 0.000000e+00 0.000000e+00 0.000000e+00 0.000000e+00 0.000000e+00 0.000000e+00 0.000000e+00 0.000000e+00
          5.400000e+00 0.000000e+00 0.000000e+00 0.000000e+00 0.000000e+00 0.000000e+00 0.000000e+00 0.000000e+00 0.000000e+00 0.000000e+00 0.000000e+00 0.000000e+00 0.000000e+00 0.000000e+00 0.000000e+00
          5.500000e+00 0.000000e+00 0.000000e+00 0.000000e+00 0.000000e+00 0.000000e+00 0.000000e+00 0.000000e+00 0.000000e+00 0.000000e+00 0.000000e+00 0.000000e+00 0.000000e+00 0.000000e+00 0.000000e+00
          5.600000e+00 0.000000e+00 0.000000e+00 0.000000e+00 0.000000e+00 0.000000e+00 0.000000e+00 0.000000e+00 0.000000e+00 0.000000e+00 0.000000e+00 0.000000e+00 0.000000e+00 0.000000e+00 0.000000e+00
          5.700000e+00 0.000000e+00 0.000000e+00 0.000000e+00 9.482477e-40 8.143955e-35 0.000000e+00 0.000000e+00 0.000000e+00 0.000000e+00 0.000000e+00 0.000000e+00 0.000000e+00 0.000000e+00 0.000000e+00
          5.800000e+00 0.000000e+00 0.000000e+00 1.018256e-31 5.009484e-34 1.556626e-30 5.656550e-32 2.135379e-35 6.986231e-39 6.821287e-39 1.348570e-39 1.431908e-37 1.981194e-37 0.000000e+00 4.950043e-39
          5.900000e+00 0.000000e+00 0.000000e+00 7.508964e-28 1.119041e-29 1.658255e-30 2.511478e-28 4.920872e-30 3.710719e-33 1.180644e-33 2.564429e-36 6.744521e-35 5.275422e-36 2.208933e-36 6.771658e-36
          6.000000e+00 5.028121e-26 7.472453e-26 5.112573e-25 2.832897e-26 9.252938e-27 1.404137e-25 3.474174e-27 7.270465e-29 1.624302e-28 2.410237e-33 5.680446e-34 1.456888e-31 5.881531e-34 1.202283e-34
          6.100000e+00 6.412572e-24 7.811807e-24 5.224675e-23 1.030627e-23 8.521525e-24 2.936913e-27 1.952930e-24 9.721149e-27 1.120160e-24 1.565983e-29 9.333851e-32 5.988362e-30 1.312510e-29 2.519766e-33
          6.200000e+00 3.017720e-22 3.182343e-22 1.302102e-21 7.068173e-22 1.621845e-21 1.896139e-24 1.488098e-22 2.860193e-24 4.362606e-25 2.435964e-25 2.528019e-31 8.342318e-30 1.782651e-28 7.746944e-30
          6.300000e+00 6.676096e-21 6.159708e-21 1.340816e-20 1.224911e-20 7.579658e-20 3.275768e-22 6.870949e-25 1.226485e-22 1.026027e-22 3.288706e-22 4.229870e-27 3.001224e-30 7.752716e-28 1.262832e-26
          6.400000e+00 8.070409e-20 6.659513e-20 7.874768e-20 8.046293e-20 1.046275e-18 1.840129e-20 9.517008e-23 2.356556e-25 6.625227e-26 1.246062e-23 7.982878e-24 7.308049e-28 9.325023e-25 6.886470e-26
          6.500000e+00 6.074641e-19 4.529259e-19 3.122132e-19 3.001980e-19 5.442313e-18 3.815284e-19 4.849038e-21 2.327800e-23 1.432081e-23 1.248990e-21 2.738591e-25 1.561257e-24 3.005820e-24 5.036614e-26
          6.600000e+00 3.136008e-18 2.131196e-18 9.226363e-19 7.994293e-19 1.529411e-17 3.248020e-18 1.067841e-19 9.002090e-22 1.009740e-21 1.273837e-24 8.452691e-23 2.522802e-26 1.201816e-26 2.500231e-25
          6.700000e+00 1.203751e-17 7.506061e-18 2.181656e-18 1.699481e-18 3.090882e-17 1.254011e-17 1.130932e-18 1.601300e-20 2.948714e-20 1.191486e-22 9.191192e-26 1.757969e-23 4.591859e-25 4.227809e-28
          6.800000e+00 3.586662e-17 2.097011e-17 4.341280e-18 3.073984e-18 5.172121e-17 2.649780e-17 6.184086e-18 1.454012e-19 4.201502e-19 4.275952e-21 1.096085e-23 2.935082e-26 2.406097e-23 1.026539e-26
          6.900000e+00 8.819720e-17 4.808369e-17 7.567160e-18 4.945488e-18 7.688363e-17 3.964155e-17 1.837197e-17 7.201355e-19 3.229388e-18 7.352619e-20 4.434327e-22 4.412868e-24 9.798763e-21 6.404321e-25
          7.000000e+00 1.864283e-16 9.622515e-17 1.192034e-17 7.260212e-18 1.055016e-16 5.017368e-17 3.294878e-17 2.029507e-18 1.418126e-17 6.896696e-19 8.350330e-21 1.896260e-22 8.943268e-23 1.651125e-22
          7.100000e+00 3.500210e-16 1.725352e-16 1.740072e-17 9.983147e-18 1.362987e-16 5.880866e-17 4.301408e-17 3.576786e-18 3.679278e-17 3.818229e-18 8.615258e-20 3.631748e-21 5.762844e-25 2.370823e-24
          7.200000e+00 5.968123e-16 2.835145e-16 2.400561e-17 1.305033e-17 1.691225e-16 6.629064e-17 4.814762e-17 4.653618e-18 6.203443e-17 1.289765e-17 5.359757e-19 3.802086e-20 1.047017e-22 1.696501e-26
          7.300000e+00 9.347052e-16 4.340822e-16 3.156455e-17 1.643910e-17 2.033313e-16 7.289350e-17 5.051992e-17 5.179186e-18 7.878519e-17 2.790697e-17 2.098715e-18 2.429427e-19 3.897124e-21 2.438714e-24
          7.400000e+00 1.369521e-15 6.169629e-16 3.978478e-17 2.004783e-17 2.382650e-16 7.895658e-17 5.155994e-17 5.370631e-18 8.577367e-17 4.234870e-17 5.376162e-18 1.001619e-18 5.903634e-20 1.502972e-22
          7.500000e+00 1.888508e-15 8.298329e-16 4.830469e-17 2.359817e-17 2.729501e-16 8.439752e-17 5.186207e-17 5.382129e-18 8.690654e-17 5.084958e-17 9.495954e-18 2.784661e-18 5.016848e-19 1.818336e-21
          7.600000e+00 2.467332e-15 1.064720e-15 5.667541e-17 2.696634e-17 3.037546e-16 8.905959e-17 5.171840e-17 5.295698e-18 8.488053e-17 5.376788e-17 1.265413e-17 5.424132e-18 2.752280e-18 1.467200e-20
          7.700000e+00 3.078477e-15 1.308979e-15 6.443928e-17 2.998331e-17 3.300417e-16 9.277848e-17 5.122268e-17 5.158503e-18 8.129375e-17 5.315311e-17 1.417922e-17 7.880879e-18 1.063524e-17 9.576728e-20
          7.800000e+00 3.676792e-15 1.547084e-15 7.046252e-17 3.251945e-17 3.509264e-16 9.470225e-17 5.043903e-17 4.993168e-18 7.723055e-17 5.071405e-17 1.441569e-17 9.399523e-18 3.037203e-17 3.172623e-19
          7.900000e+00 4.231998e-15 1.756263e-15 7.536941e-17 3.422457e-17 3.661810e-16 9.539749e-17 4.923933e-17 4.814634e-18 7.313777e-17 4.765839e-17 1.389867e-17 9.935838e-18 6.553303e-17 9.664120e-19
          8.000000e+00 4.715180e-15 1.937026e-15 7.924020e-17 3.532635e-17 3.764484e-16 9.515580e-17 4.763832e-17 4.602830e-18 6.912663e-17 4.452493e-17 1.309654e-17 9.812668e-18 1.111054e-16 2.139914e-18
          8.100000e+00 5.106665e-15 2.080124e-15 8.197280e-17 3.602166e-17 3.746173e-16 9.414913e-17 4.593258e-17 4.384912e-18 6.487713e-17 4.158478e-17 1.222078e-17 9.384346e-18 1.552612e-16 3.670519e-18
          8.200000e+00 5.229863e-15 2.181597e-15 8.358751e-17 3.629540e-17 3.728042e-16 9.133389e-17 4.418564e-17 4.175141e-18 6.100642e-17 3.862106e-17 1.137463e-17 8.833285e-18 1.876937e-16 5.529408e-18
          8.300000e+00 5.448882e-15 2.247878e-15 8.394917e-17 3.621737e-17 3.685177e-16 8.837949e-17 4.244122e-17 3.975078e-18 5.749263e-17 3.592146e-17 1.053097e-17 8.270192e-18 2.065349e-16 6.783968e-18
          8.400000e+00 5.576026e-15 2.275976e-15 8.297757e-17 3.581564e-17 3.618615e-16 8.538081e-17 3.990189e-17 3.784890e-18 5.426495e-17 3.355386e-17 9.767788e-18 7.683138e-18 2.144088e-16 7.744942e-18
          8.500000e+00 5.616273e-15 2.273677e-15 8.146040e-17 3.493896e-17 3.530194e-16 8.229562e-17 3.794926e-17 3.525485e-18 5.045523e-17 3.143665e-17 9.098221e-18 7.149862e-18 2.148586e-16 8.254268e-18
          8.600000e+00 5.586355e-15 2.246904e-15 7.942095e-17 3.386482e-17 3.408057e-16 7.908323e-17 3.611811e-17 3.336600e-18 4.744142e-17 2.952533e-17 8.497899e-18 6.669972e-18 2.098778e-16 8.398284e-18
          8.700000e+00 5.498444e-15 2.198475e-15 7.688461e-17 3.264977e-17 3.270513e-16 7.569186e-17 3.432796e-17 3.158195e-18 4.467952e-17 2.720653e-17 7.953909e-18 6.231391e-18 2.018525e-16 8.344202e-18
          8.800000e+00 5.359685e-15 2.132972e-15 7.390338e-17 3.132240e-17 3.127412e-16 7.191784e-17 3.256056e-17 2.986836e-18 4.209642e-17 2.549587e-17 7.318502e-18 5.828063e-18 1.921912e-16 8.104774e-18
          8.900000e+00 5.182564e-15 2.026718e-15 7.064047e-17 2.991530e-17 2.980692e-16 6.816954e-17 3.079156e-17 2.821507e-18 3.965401e-17 2.392217e-17 6.843123e-18 5.366287e-18 1.820929e-16 7.779152e-18
          9.000000e+00 4.977872e-15 1.946462e-15 6.726944e-17 2.843035e-17 2.831973e-16 6.451347e-17 2.899370e-17 2.657527e-18 3.732344e-17 2.245270e-17 6.406235e-18 5.014650e-18 1.720371e-16 7.419968e-18
# Total Emissivity in keV cm^3 s^-1 for each element with AG89 abundances, between 2.000000e+00 and 1.000000e+01 keV
# To get cooling power, multiply by Ne NH# Calculated with Tau = 1.000000e+13 cm^{-3} s