# Temperature log10(K)            1            2            6            7            8           10           12           13           14           16           18           20           26           28
          4.000000e+00 0.000000e+00 0.000000e+00 0.000000e+00 0.000000e+00 0.000000e+00 0.000000e+00 0.000000e+00 0.000000e+00 0.000000e+00 0.000000e+00 0.000000e+00 0.000000e+00 0.000000e+00 0.000000e+00
          4.100000e+00 0.000000e+00 0.000000e+00 0.000000e+00 0.000000e+00 0.000000e+00 0.000000e+00 0.000000e+00 0.000000e+00 0.000000e+00 0.000000e+00 0.000000e+00 0.000000e+00 0.000000e+00 0.000000e+00
          4.200000e+00 0.000000e+00 0.000000e+00 0.000000e+00 0.000000e+00 0.000000e+00 0.000000e+00 0.000000e+00 0.000000e+00 0.000000e+00 0.000000e+00 0.000000e+00 0.000000e+00 0.000000e+00 0.000000e+00
          4.300000e+00 0.000000e+00 0.000000e+00 0.000000e+00 0.000000e+00 0.000000e+00 0.000000e+00 0.000000e+00 0.000000e+00 0.000000e+00 0.000000e+00 0.000000e+00 0.000000e+00 0.000000e+00 0.000000e+00
          4.400000e+00 0.000000e+00 0.000000e+00 0.000000e+00 0.000000e+00 0.000000e+00 0.000000e+00 0.000000e+00 0.000000e+00 0.000000e+00 0.000000e+00 0.000000e+00 0.000000e+00 0.000000e+00 0.000000e+00
          4.500000e+00 0.000000e+00 0.000000e+00 0.000000e+00 0.000000e+00 0.000000e+00 0.000000e+00 0.000000e+00 0.000000e+00 0.000000e+00 0.000000e+00 0.000000e+00 0.000000e+00 0.000000e+00 0.000000e+00
          4.600000e+00 0.000000e+00 0.000000e+00 0.000000e+00 0.000000e+00 0.000000e+00 0.000000e+00 0.000000e+00 0.000000e+00 0.000000e+00 0.000000e+00 0.000000e+00 0.000000e+00 0.000000e+00 0.000000e+00
          4.700000e+00 0.000000e+00 0.000000e+00 0.000000e+00 0.000000e+00 0.000000e+00 0.000000e+00 0.000000e+00 0.000000e+00 0.000000e+00 0.000000e+00 0.000000e+00 0.000000e+00 0.000000e+00 0.000000e+00
          4.800000e+00 0.000000e+00 0.000000e+00 0.000000e+00 0.000000e+00 0.000000e+00 0.000000e+00 0.000000e+00 0.000000e+00 0.000000e+00 0.000000e+00 0.000000e+00 0.000000e+00 0.000000e+00 0.000000e+00
          4.900000e+00 0.000000e+00 0.000000e+00 0.000000e+00 0.000000e+00 0.000000e+00 0.000000e+00 0.000000e+00 0.000000e+00 0.000000e+00 0.000000e+00 0.000000e+00 0.000000e+00 0.000000e+00 0.000000e+00
          5.000000e+00 0.000000e+00 0.000000e+00 0.000000e+00 0.000000e+00 0.000000e+00 0.000000e+00 0.000000e+00 0.000000e+00 0.000000e+00 0.000000e+00 0.000000e+00 0.000000e+00 0.000000e+00 0.000000e+00
          5.100000e+00 0.000000e+00 0.000000e+00 0.000000e+00 0.000000e+00 0.000000e+00 0.000000e+00 0.000000e+00 0.000000e+00 0.000000e+00 0.000000e+00 0.000000e+00 0.000000e+00 0.000000e+00 0.000000e+00
          5.200000e+00 0.000000e+00 0.000000e+00 0.000000e+00 0.000000e+00 0.000000e+00 0.000000e+00 0.000000e+00 0.000000e+00 0.000000e+00 0.000000e+00 0.000000e+00 0.000000e+00 0.000000e+00 0.000000e+00
          5.300000e+00 0.000000e+00 0.000000e+00 0.000000e+00 0.000000e+00 0.000000e+00 0.000000e+00 0.000000e+00 0.000000e+00 0.000000e+00 0.000000e+00 0.000000e+00 0.000000e+00 0.000000e+00 0.000000e+00
          5.400000e+00 0.000000e+00 0.000000e+00 0.000000e+00 0.000000e+00 0.000000e+00 0.000000e+00 0.000000e+00 0.000000e+00 0.000000e+00 0.000000e+00 0.000000e+00 0.000000e+00 0.000000e+00 0.000000e+00
          5.500000e+00 0.000000e+00 0.000000e+00 0.000000e+00 0.000000e+00 0.000000e+00 0.000000e+00 0.000000e+00 0.000000e+00 0.000000e+00 0.000000e+00 0.000000e+00 0.000000e+00 0.000000e+00 0.000000e+00
          5.600000e+00 0.000000e+00 0.000000e+00 0.000000e+00 0.000000e+00 0.000000e+00 0.000000e+00 0.000000e+00 0.000000e+00 0.000000e+00 0.000000e+00 0.000000e+00 0.000000e+00 0.000000e+00 0.000000e+00
          5.700000e+00 0.000000e+00 0.000000e+00 0.000000e+00 6.016467e-40 7.388336e-35 0.000000e+00 0.000000e+00 0.000000e+00 0.000000e+00 0.000000e+00 0.000000e+00 0.000000e+00 0.000000e+00 0.000000e+00
          5.800000e+00 0.000000e+00 0.000000e+00 4.153632e-32 2.760056e-34 1.357665e-30 4.850088e-32 2.064033e-35 6.887084e-39 6.821283e-39 1.348570e-39 1.431908e-37 1.973165e-37 0.000000e+00 4.950043e-39
          5.900000e+00 0.000000e+00 0.000000e+00 3.553284e-28 5.413762e-30 1.066385e-30 2.334478e-28 4.616215e-30 3.603188e-33 1.165423e-33 2.564429e-36 6.744520e-35 5.275408e-36 2.208933e-36 6.771658e-36
          6.000000e+00 5.028121e-26 7.472453e-26 3.165404e-25 1.323454e-26 5.243333e-27 1.294417e-25 2.863609e-27 6.862471e-29 1.580292e-28 2.410231e-33 5.680446e-34 1.456888e-31 5.881095e-34 1.202283e-34
          6.100000e+00 6.412572e-24 7.811807e-24 4.226078e-23 5.474952e-24 4.414917e-24 2.213470e-27 1.761052e-24 8.017037e-27 1.059398e-24 1.544721e-29 9.333851e-32 5.988362e-30 1.312453e-29 2.519766e-33
          6.200000e+00 3.017720e-22 3.182343e-22 1.257958e-21 4.673414e-22 8.536518e-22 1.295807e-24 1.388603e-22 2.543437e-24 3.592752e-25 2.364457e-25 2.508905e-31 8.342318e-30 1.782625e-28 7.746909e-30
          6.300000e+00 6.676096e-21 6.159708e-21 1.339643e-20 1.028408e-20 4.539632e-20 2.036967e-22 5.484267e-25 1.144137e-22 9.032321e-23 3.088195e-22 4.154716e-27 3.001204e-30 7.752673e-28 1.262830e-26
          6.400000e+00 8.070409e-20 6.659513e-20 7.874756e-20 7.815565e-20 7.642383e-19 1.086639e-20 7.048773e-23 1.900646e-25 5.491946e-26 1.015975e-23 7.665348e-24 7.220377e-28 9.325023e-25 6.886451e-26
          6.500000e+00 6.074641e-19 4.529259e-19 3.122132e-19 2.998705e-19 4.867532e-18 2.297261e-19 3.313527e-21 1.756161e-23 1.158234e-23 1.096415e-21 2.276291e-25 1.515898e-24 3.005820e-24 5.036613e-26
          6.600000e+00 3.136008e-18 2.131196e-18 9.226363e-19 7.994244e-19 1.505292e-17 2.141227e-18 6.865295e-20 6.303884e-22 7.685659e-22 1.042508e-24 6.831027e-23 2.162056e-26 1.201816e-26 2.500231e-25
          6.700000e+00 1.203751e-17 7.506061e-18 2.181656e-18 1.699481e-18 3.088836e-17 9.667041e-18 7.121006e-19 1.055084e-20 2.093308e-20 9.554550e-23 7.075117e-26 1.375415e-23 4.591640e-25 4.227809e-28
          6.800000e+00 3.586662e-17 2.097011e-17 4.341280e-18 3.073984e-18 5.172084e-17 2.393151e-17 4.027083e-18 9.301526e-20 2.808038e-19 3.246907e-21 8.812033e-24 2.049509e-26 2.360464e-23 1.026485e-26
          6.900000e+00 8.819720e-17 4.808369e-17 7.567160e-18 4.945488e-18 7.688363e-17 3.879677e-17 1.327126e-17 4.697254e-19 2.084588e-18 5.234917e-20 3.471993e-22 3.395034e-24 9.251251e-21 6.277136e-25
          7.000000e+00 1.864283e-16 9.622515e-17 1.192034e-17 7.260212e-18 1.055016e-16 5.005856e-17 2.754425e-17 1.445866e-18 9.257970e-18 4.628937e-19 6.185149e-21 1.481352e-22 6.732952e-23 1.547473e-22
          7.100000e+00 3.500210e-16 1.725352e-16 1.740072e-17 9.983147e-18 1.362987e-16 5.880102e-17 4.022879e-17 2.918443e-18 2.598988e-17 2.471790e-18 5.977241e-20 2.730243e-21 3.153845e-25 1.704671e-24
          7.200000e+00 5.968123e-16 2.835145e-16 2.400561e-17 1.305033e-17 1.691225e-16 6.629033e-17 4.734178e-17 4.259289e-18 4.974305e-17 8.451568e-18 3.502167e-19 2.685463e-20 6.101708e-23 8.185462e-27
          7.300000e+00 9.347052e-16 4.340822e-16 3.156455e-17 1.643910e-17 2.033313e-16 7.289349e-17 5.036757e-17 5.034249e-18 7.076546e-17 1.974190e-17 1.328099e-18 1.600621e-19 2.551813e-21 1.175357e-24
          7.400000e+00 1.369521e-15 6.169629e-16 3.978478e-17 2.004783e-17 2.382650e-16 7.895658e-17 5.153800e-17 5.332735e-18 8.231678e-17 3.358748e-17 3.477709e-18 6.233907e-19 4.002698e-20 8.547666e-23
          7.500000e+00 1.888508e-15 8.298329e-16 4.830469e-17 2.359817e-17 2.729501e-16 8.439752e-17 5.185927e-17 5.374048e-18 8.577012e-17 4.469015e-17 6.651701e-18 1.702138e-18 3.290241e-19 1.091028e-21
          7.600000e+00 2.467332e-15 1.064720e-15 5.667541e-17 2.696634e-17 3.037546e-16 8.905959e-17 5.171804e-17 5.294104e-18 8.455887e-17 5.050640e-17 9.845812e-18 3.444771e-18 1.680901e-18 8.686097e-21
          7.700000e+00 3.078477e-15 1.308979e-15 6.443928e-17 2.998331e-17 3.300417e-16 9.277848e-17 5.122262e-17 5.158179e-18 8.120661e-17 5.169303e-17 1.210807e-17 5.436896e-18 5.964225e-18 5.313618e-20
          7.800000e+00 3.676792e-15 1.547084e-15 7.046252e-17 3.251945e-17 3.509264e-16 9.470225e-17 5.043902e-17 4.993094e-18 7.720589e-17 5.010750e-17 1.313927e-17 7.133734e-18 1.580161e-17 1.598350e-19
          7.900000e+00 4.231998e-15 1.756263e-15 7.536941e-17 3.422457e-17 3.661810e-16 9.539749e-17 4.923933e-17 4.814614e-18 7.313001e-17 4.740654e-17 1.318124e-17 8.190881e-18 3.269806e-17 4.530123e-19
          8.000000e+00 4.715180e-15 1.937026e-15 7.924020e-17 3.532635e-17 3.764484e-16 9.515580e-17 4.763832e-17 4.602823e-18 6.912382e-17 4.441507e-17 1.270214e-17 8.599225e-18 5.558696e-17 9.417119e-19
          8.100000e+00 5.106665e-15 2.080124e-15 8.197280e-17 3.602166e-17 3.746173e-16 9.414913e-17 4.593258e-17 4.384909e-18 6.487595e-17 4.153287e-17 1.199919e-17 8.571270e-18 8.092815e-17 1.578357e-18
          8.200000e+00 5.229863e-15 2.181597e-15 8.358751e-17 3.629540e-17 3.728042e-16 9.133389e-17 4.418564e-17 4.175140e-18 6.100583e-17 3.859431e-17 1.124391e-17 8.287241e-18 1.041143e-16 2.503447e-18
          8.300000e+00 5.448882e-15 2.247878e-15 8.394917e-17 3.621737e-17 3.685177e-16 8.837949e-17 4.244122e-17 3.975077e-18 5.749230e-17 3.590634e-17 1.044944e-17 7.893081e-18 1.225055e-16 3.132500e-18
          8.400000e+00 5.576026e-15 2.275976e-15 8.297757e-17 3.581564e-17 3.618615e-16 8.538081e-17 3.990189e-17 3.784890e-18 5.426473e-17 3.354457e-17 9.713612e-18 7.413921e-18 1.352606e-16 3.801818e-18
          8.500000e+00 5.616273e-15 2.273677e-15 8.146040e-17 3.493896e-17 3.530194e-16 8.229562e-17 3.794926e-17 3.525485e-18 5.045508e-17 3.143051e-17 9.060022e-18 6.949053e-18 1.427581e-16 4.322845e-18
          8.600000e+00 5.586355e-15 2.246904e-15 7.942095e-17 3.386482e-17 3.408057e-16 7.908323e-17 3.611811e-17 3.336599e-18 4.744131e-17 2.952101e-17 8.469562e-18 6.513866e-18 1.453756e-16 4.591795e-18
          8.700000e+00 5.498444e-15 2.198475e-15 7.688461e-17 3.264977e-17 3.270513e-16 7.569186e-17 3.432796e-17 3.158195e-18 4.467943e-17 2.720350e-17 7.931991e-18 6.105944e-18 1.445136e-16 4.799603e-18
          8.800000e+00 5.359685e-15 2.132972e-15 7.390338e-17 3.132240e-17 3.127412e-16 7.191784e-17 3.256056e-17 2.986836e-18 4.209635e-17 2.549371e-17 7.301568e-18 5.724591e-18 1.409331e-16 4.796174e-18
          8.900000e+00 5.182564e-15 2.026718e-15 7.064047e-17 2.991530e-17 2.980692e-16 6.816954e-17 3.079156e-17 2.821506e-18 3.965396e-17 2.392064e-17 6.829777e-18 5.281112e-18 1.359550e-16 4.721104e-18
          9.000000e+00 4.977872e-15 1.946462e-15 6.726944e-17 2.843035e-17 2.831973e-16 6.451347e-17 2.899370e-17 2.657527e-18 3.732340e-17 2.245159e-17 6.395621e-18 4.942763e-18 1.306731e-16 4.626053e-18
# Total Emissivity in keV cm^3 s^-1 for each element with AG89 abundances, between 2.000000e+00 and 1.000000e+01 keV
# To get cooling power, multiply by Ne NH# Calculated with Tau = 1.000000e+12 cm^{-3} s